
 fdid      pfdid     pfkid     sta    sourcenum timeini           timeend           tonset            tend              trvel     ebz     etrvel    c         etimeini          etimeend          ec        maxfc     maxfo     fktablename    
       79         0         0 FSU           -1  1343088000.00000  1343174400.00000 -9999999999.99900 -9999999999.99900   -1.0000   -1.00   -1.0000   -1.0000 -9999999999.99900 -9999999999.99900   -1.0000   -1.0000   -1.0000 fk_res_fsu     
        1         0         0 FSU           -1  1343088240.00830  1343088270.00830 -9999999999.99900 -9999999999.99900   -1.0000   -1.00   -1.0000    1.4600 -9999999999.99900 -9999999999.99900   -1.0000    1.6023    2.3394 fk_res_fsu     
        2         0         0 FSU           -1  1343088450.00830  1343088510.00830 -9999999999.99900 -9999999999.99900   -1.0000   -1.00   -1.0000    1.1600 -9999999999.99900 -9999999999.99900   -1.0000    1.6607    1.9264 fk_res_fsu     
        3         0         0 FSU           -1  1343088600.00830  1343088660.00830 -9999999999.99900 -9999999999.99900   -1.0000   -1.00   -1.0000    1.1100 -9999999999.99900 -9999999999.99900   -1.0000    2.2469    2.4940 fk_res_fsu     
        4         0         0 FSU           -1  1343088810.00830  1343088840.00830 -9999999999.99900 -9999999999.99900   -1.0000   -1.00   -1.0000    1.1100 -9999999999.99900 -9999999999.99900   -1.0000    1.4533    1.6132 fk_res_fsu     
        5         0         0 FSU           -1  1343089290.00830  1343089320.00830 -9999999999.99900 -9999999999.99900   -1.0000   -1.00   -1.0000    1.1100 -9999999999.99900 -9999999999.99900   -1.0000    1.4664    1.6277 fk_res_fsu     
        6         0         0 FSU           -1  1343089590.00830  1343089620.00830 -9999999999.99900 -9999999999.99900   -1.0000   -1.00   -1.0000    1.4600 -9999999999.99900 -9999999999.99900   -1.0000    1.3322    1.9450 fk_res_fsu     
        7         0         0 FSU           -1  1343090700.00830  1343090760.00830 -9999999999.99900 -9999999999.99900   -1.0000   -1.00   -1.0000    1.5100 -9999999999.99900 -9999999999.99900   -1.0000    1.9242    2.9056 fk_res_fsu     
        8         0         0 FSU           -1  1343091360.00830  1343091390.00830 -9999999999.99900 -9999999999.99900   -1.0000   -1.00   -1.0000    1.7600 -9999999999.99900 -9999999999.99900   -1.0000    1.3360    2.3514 fk_res_fsu     
        9         0         0 FSU           -1  1343091660.00830  1343091720.00830 -9999999999.99900 -9999999999.99900   -1.0000   -1.00   -1.0000    1.6100 -9999999999.99900 -9999999999.99900   -1.0000    3.0741    4.9493 fk_res_fsu     
       10         0         0 FSU           -1  1343091960.00830  1343091990.00830 -9999999999.99900 -9999999999.99900   -1.0000   -1.00   -1.0000    1.3600 -9999999999.99900 -9999999999.99900   -1.0000    1.5280    2.0781 fk_res_fsu     
       11         0         0 FSU           -1  1343092500.00830  1343092530.00830 -9999999999.99900 -9999999999.99900   -1.0000   -1.00   -1.0000    1.6100 -9999999999.99900 -9999999999.99900   -1.0000    1.4296    2.3017 fk_res_fsu     
       12         0         0 FSU           -1  1343092710.00830  1343092740.00830 -9999999999.99900 -9999999999.99900   -1.0000   -1.00   -1.0000    1.5100 -9999999999.99900 -9999999999.99900   -1.0000    1.3881    2.0961 fk_res_fsu     
       13         0         0 FSU           -1  1343094120.00830  1343094150.00830 -9999999999.99900 -9999999999.99900   -1.0000   -1.00   -1.0000    1.7600 -9999999999.99900 -9999999999.99900   -1.0000    1.3543    2.3836 fk_res_fsu     
       14         0         0 FSU           -1  1343095410.00830  1343095440.00830 -9999999999.99900 -9999999999.99900   -1.0000   -1.00   -1.0000    1.5100 -9999999999.99900 -9999999999.99900   -1.0000    1.2937    1.9535 fk_res_fsu     
       15         0         0 FSU           -1  1343096190.00830  1343096220.00830 -9999999999.99900 -9999999999.99900   -1.0000   -1.00   -1.0000    1.5100 -9999999999.99900 -9999999999.99900   -1.0000    1.2816    1.9352 fk_res_fsu     
       16         0         0 FSU           -1  1343097390.00830  1343097420.00830 -9999999999.99900 -9999999999.99900   -1.0000   -1.00   -1.0000    1.2600 -9999999999.99900 -9999999999.99900   -1.0000    1.3028    1.6415 fk_res_fsu     
       17         0         0 FSU           -1  1343097720.00830  1343097780.00830 -9999999999.99900 -9999999999.99900   -1.0000   -1.00   -1.0000    1.3100 -9999999999.99900 -9999999999.99900   -1.0000    1.4508    1.9006 fk_res_fsu     
       18         0         0 FSU           -1  1343098950.00830  1343098980.00830 -9999999999.99900 -9999999999.99900   -1.0000   -1.00   -1.0000    1.2600 -9999999999.99900 -9999999999.99900   -1.0000    1.2902    1.6256 fk_res_fsu     
       19         0         0 FSU           -1  1343099220.00830  1343099250.00830 -9999999999.99900 -9999999999.99900   -1.0000   -1.00   -1.0000    1.3100 -9999999999.99900 -9999999999.99900   -1.0000    1.3892    1.8198 fk_res_fsu     
       20         0         0 FSU           -1  1343099640.00830  1343099670.00830 -9999999999.99900 -9999999999.99900   -1.0000   -1.00   -1.0000    1.2600 -9999999999.99900 -9999999999.99900   -1.0000    1.3003    1.6384 fk_res_fsu     
       21         0         0 FSU           -1  1343099850.00830  1343099910.00830 -9999999999.99900 -9999999999.99900   -1.0000   -1.00   -1.0000    1.3100 -9999999999.99900 -9999999999.99900   -1.0000    1.4317    1.8756 fk_res_fsu     
       22         0         0 FSU           -1  1343100570.00830  1343100600.00830 -9999999999.99900 -9999999999.99900   -1.0000   -1.00   -1.0000    1.2100 -9999999999.99900 -9999999999.99900   -1.0000    1.4485    1.7527 fk_res_fsu     
       23         0         0 FSU           -1  1343103150.00830  1343103180.00830 -9999999999.99900 -9999999999.99900   -1.0000   -1.00   -1.0000    1.2600 -9999999999.99900 -9999999999.99900   -1.0000    1.5229    1.9189 fk_res_fsu     
       24         0         0 FSU           -1  1343103240.00830  1343103270.00830 -9999999999.99900 -9999999999.99900   -1.0000   -1.00   -1.0000    2.0100 -9999999999.99900 -9999999999.99900   -1.0000    1.3202    2.6536 fk_res_fsu     
       25         0         0 FSU           -1  1343103360.00830  1343103420.00830 -9999999999.99900 -9999999999.99900   -1.0000   -1.00   -1.0000    1.7600 -9999999999.99900 -9999999999.99900   -1.0000    2.1514    3.7865 fk_res_fsu     
       26         0         0 FSU           -1  1343116620.00830  1343116680.00830 -9999999999.99900 -9999999999.99900   -1.0000   -1.00   -1.0000    1.2100 -9999999999.99900 -9999999999.99900   -1.0000    1.3477    1.6308 fk_res_fsu     
       27         0         0 FSU           -1  1343119530.00830  1343119560.00830 -9999999999.99900 -9999999999.99900   -1.0000   -1.00   -1.0000    1.2100 -9999999999.99900 -9999999999.99900   -1.0000    1.4136    1.7105 fk_res_fsu     
       28         0         0 FSU           -1  1343119830.00830  1343119860.00830 -9999999999.99900 -9999999999.99900   -1.0000   -1.00   -1.0000    1.1600 -9999999999.99900 -9999999999.99900   -1.0000    1.3346    1.5481 fk_res_fsu     
       29         0         0 FSU           -1  1343119980.00830  1343120040.00830 -9999999999.99900 -9999999999.99900   -1.0000   -1.00   -1.0000    1.3600 -9999999999.99900 -9999999999.99900   -1.0000    1.4905    2.0271 fk_res_fsu     
       30         0         0 FSU           -1  1343120130.00830  1343120190.00830 -9999999999.99900 -9999999999.99900   -1.0000   -1.00   -1.0000    1.2100 -9999999999.99900 -9999999999.99900   -1.0000    1.4029    1.6975 fk_res_fsu     
       31         0         0 FSU           -1  1343120310.00830  1343120370.00830 -9999999999.99900 -9999999999.99900   -1.0000   -1.00   -1.0000    1.2100 -9999999999.99900 -9999999999.99900   -1.0000    1.5813    1.9134 fk_res_fsu     
       32         0         0 FSU           -1  1343120580.00830  1343120610.00830 -9999999999.99900 -9999999999.99900   -1.0000   -1.00   -1.0000    1.3600 -9999999999.99900 -9999999999.99900   -1.0000    1.3862    1.8852 fk_res_fsu     
       33         0         0 FSU           -1  1343120850.00830  1343120910.00830 -9999999999.99900 -9999999999.99900   -1.0000   -1.00   -1.0000    1.2600 -9999999999.99900 -9999999999.99900   -1.0000    1.5185    1.9133 fk_res_fsu     
       34         0         0 FSU           -1  1343121030.00830  1343121060.00830 -9999999999.99900 -9999999999.99900   -1.0000   -1.00   -1.0000    1.2600 -9999999999.99900 -9999999999.99900   -1.0000    1.3790    1.7375 fk_res_fsu     
       35         0         0 FSU           -1  1343121360.00830  1343121420.00830 -9999999999.99900 -9999999999.99900   -1.0000   -1.00   -1.0000    1.1100 -9999999999.99900 -9999999999.99900   -1.0000    1.4087    1.5637 fk_res_fsu     
       36         0         0 FSU           -1  1343121960.00830  1343122020.00830 -9999999999.99900 -9999999999.99900   -1.0000   -1.00   -1.0000    1.1600 -9999999999.99900 -9999999999.99900   -1.0000    1.5903    1.8448 fk_res_fsu     
       37         0         0 FSU           -1  1343126760.00830  1343126790.00830 -9999999999.99900 -9999999999.99900   -1.0000   -1.00   -1.0000    1.2100 -9999999999.99900 -9999999999.99900   -1.0000    1.4032    1.6979 fk_res_fsu     
       38         0         0 FSU           -1  1343137320.00830  1343137440.00830 -9999999999.99900 -9999999999.99900   -1.0000   -1.00   -1.0000    1.2600 -9999999999.99900 -9999999999.99900   -1.0000    1.6603    2.0919 fk_res_fsu     
       39         0         0 FSU           -1  1343143590.00830  1343143620.00830 -9999999999.99900 -9999999999.99900   -1.0000   -1.00   -1.0000    1.1600 -9999999999.99900 -9999999999.99900   -1.0000    1.4132    1.6394 fk_res_fsu     
       40         0         0 FSU           -1  1343144310.00830  1343144340.00830 -9999999999.99900 -9999999999.99900   -1.0000   -1.00   -1.0000    1.2100 -9999999999.99900 -9999999999.99900   -1.0000    1.3540    1.6383 fk_res_fsu     
       41         0         0 FSU           -1  1343145480.00830  1343145510.00830 -9999999999.99900 -9999999999.99900   -1.0000   -1.00   -1.0000    1.0600 -9999999999.99900 -9999999999.99900   -1.0000    1.2898    1.3672 fk_res_fsu     
       42         0         0 FSU           -1  1343146050.00830  1343146110.00830 -9999999999.99900 -9999999999.99900   -1.0000   -1.00   -1.0000    1.1600 -9999999999.99900 -9999999999.99900   -1.0000    1.3519    1.5682 fk_res_fsu     
       43         0         0 FSU           -1  1343146980.00830  1343147010.00830 -9999999999.99900 -9999999999.99900   -1.0000   -1.00   -1.0000    2.0600 -9999999999.99900 -9999999999.99900   -1.0000    1.3383    2.7570 fk_res_fsu     
       44         0         0 FSU           -1  1343148180.00830  1343148210.00830 -9999999999.99900 -9999999999.99900   -1.0000   -1.00   -1.0000    1.1600 -9999999999.99900 -9999999999.99900   -1.0000    1.2715    1.4749 fk_res_fsu     
       45         0         0 FSU           -1  1343149410.00830  1343149440.00830 -9999999999.99900 -9999999999.99900   -1.0000   -1.00   -1.0000    1.1600 -9999999999.99900 -9999999999.99900   -1.0000    1.2871    1.4930 fk_res_fsu     
       46         0         0 FSU           -1  1343150340.00830  1343150370.00830 -9999999999.99900 -9999999999.99900   -1.0000   -1.00   -1.0000    1.1100 -9999999999.99900 -9999999999.99900   -1.0000    1.3056    1.4492 fk_res_fsu     
       47         0         0 FSU           -1  1343150760.00830  1343150820.00830 -9999999999.99900 -9999999999.99900   -1.0000   -1.00   -1.0000    1.4600 -9999999999.99900 -9999999999.99900   -1.0000    1.3054    1.9058 fk_res_fsu     
       48         0         0 FSU           -1  1343152680.00830  1343152710.00830 -9999999999.99900 -9999999999.99900   -1.0000   -1.00   -1.0000    1.2600 -9999999999.99900 -9999999999.99900   -1.0000    1.4354    1.8087 fk_res_fsu     
       49         0         0 FSU           -1  1343154090.00830  1343154150.00830 -9999999999.99900 -9999999999.99900   -1.0000   -1.00   -1.0000    1.2100 -9999999999.99900 -9999999999.99900   -1.0000    1.3167    1.5932 fk_res_fsu     
       50         0         0 FSU           -1  1343154660.00830  1343154750.00830 -9999999999.99900 -9999999999.99900   -1.0000   -1.00   -1.0000    1.1100 -9999999999.99900 -9999999999.99900   -1.0000    2.0906    2.3205 fk_res_fsu     
       51         0         0 FSU           -1  1343154930.00830  1343154960.00830 -9999999999.99900 -9999999999.99900   -1.0000   -1.00   -1.0000    1.1600 -9999999999.99900 -9999999999.99900   -1.0000    1.5309    1.7758 fk_res_fsu     
       52         0         0 FSU           -1  1343155020.00830  1343155080.00830 -9999999999.99900 -9999999999.99900   -1.0000   -1.00   -1.0000    1.5600 -9999999999.99900 -9999999999.99900   -1.0000    1.5676    2.4455 fk_res_fsu     
       53         0         0 FSU           -1  1343155290.00830  1343155320.00830 -9999999999.99900 -9999999999.99900   -1.0000   -1.00   -1.0000    1.3600 -9999999999.99900 -9999999999.99900   -1.0000    4.0798    5.5485 fk_res_fsu     
       54         0         0 FSU           -1  1343155470.00830  1343155530.00830 -9999999999.99900 -9999999999.99900   -1.0000   -1.00   -1.0000    1.1600 -9999999999.99900 -9999999999.99900   -1.0000   14.6114   16.9492 fk_res_fsu     
       55         0         0 FSU           -1  1343155740.00830  1343155800.00830 -9999999999.99900 -9999999999.99900   -1.0000   -1.00   -1.0000    1.2100 -9999999999.99900 -9999999999.99900   -1.0000    1.6981    2.0547 fk_res_fsu     
       56         0         0 FSU           -1  1343156610.00830  1343156670.00830 -9999999999.99900 -9999999999.99900   -1.0000   -1.00   -1.0000    1.2100 -9999999999.99900 -9999999999.99900   -1.0000    1.3426    1.6245 fk_res_fsu     
       57         0         0 FSU           -1  1343156730.00830  1343156760.00830 -9999999999.99900 -9999999999.99900   -1.0000   -1.00   -1.0000    1.1100 -9999999999.99900 -9999999999.99900   -1.0000    1.4687    1.6302 fk_res_fsu     
       58         0         0 FSU           -1  1343156940.00830  1343156970.00830 -9999999999.99900 -9999999999.99900   -1.0000   -1.00   -1.0000    1.1100 -9999999999.99900 -9999999999.99900   -1.0000    1.3799    1.5317 fk_res_fsu     
       59         0         0 FSU           -1  1343157030.00830  1343157060.00830 -9999999999.99900 -9999999999.99900   -1.0000   -1.00   -1.0000    1.2100 -9999999999.99900 -9999999999.99900   -1.0000    1.4454    1.7489 fk_res_fsu     
       60         0         0 FSU           -1  1343158200.00830  1343158260.00830 -9999999999.99900 -9999999999.99900   -1.0000   -1.00   -1.0000    1.1600 -9999999999.99900 -9999999999.99900   -1.0000    1.2923    1.4991 fk_res_fsu     
       61         0         0 FSU           -1  1343159640.00830  1343159670.00830 -9999999999.99900 -9999999999.99900   -1.0000   -1.00   -1.0000    1.2100 -9999999999.99900 -9999999999.99900   -1.0000    1.3011    1.5744 fk_res_fsu     
       62         0         0 FSU           -1  1343160120.00830  1343160180.00830 -9999999999.99900 -9999999999.99900   -1.0000   -1.00   -1.0000    1.3600 -9999999999.99900 -9999999999.99900   -1.0000    1.3733    1.8677 fk_res_fsu     
       63         0         0 FSU           -1  1343160360.00830  1343160420.00830 -9999999999.99900 -9999999999.99900   -1.0000   -1.00   -1.0000    1.1100 -9999999999.99900 -9999999999.99900   -1.0000    1.4020    1.5563 fk_res_fsu     
       64         0         0 FSU           -1  1343160510.00830  1343160540.00830 -9999999999.99900 -9999999999.99900   -1.0000   -1.00   -1.0000    1.3100 -9999999999.99900 -9999999999.99900   -1.0000    1.3445    1.7613 fk_res_fsu     
       65         0         0 FSU           -1  1343160660.00830  1343160690.00830 -9999999999.99900 -9999999999.99900   -1.0000   -1.00   -1.0000    1.1600 -9999999999.99900 -9999999999.99900   -1.0000    1.5351    1.7807 fk_res_fsu     
       66         0         0 FSU           -1  1343161530.00830  1343161620.00830 -9999999999.99900 -9999999999.99900   -1.0000   -1.00   -1.0000    1.8100 -9999999999.99900 -9999999999.99900   -1.0000    1.4354    2.5980 fk_res_fsu     
       67         0         0 FSU           -1  1343163210.00830  1343163240.00830 -9999999999.99900 -9999999999.99900   -1.0000   -1.00   -1.0000    1.7600 -9999999999.99900 -9999999999.99900   -1.0000    1.4458    2.5445 fk_res_fsu     
       68         0         0 FSU           -1  1343163810.00830  1343163840.00830 -9999999999.99900 -9999999999.99900   -1.0000   -1.00   -1.0000    1.1100 -9999999999.99900 -9999999999.99900   -1.0000    1.3482    1.4965 fk_res_fsu     
       69         0         0 FSU           -1  1343164410.00830  1343164470.00830 -9999999999.99900 -9999999999.99900   -1.0000   -1.00   -1.0000    1.4600 -9999999999.99900 -9999999999.99900   -1.0000    1.7684    2.5819 fk_res_fsu     
       70         0         0 FSU           -1  1343164590.00830  1343164620.00830 -9999999999.99900 -9999999999.99900   -1.0000   -1.00   -1.0000    1.4600 -9999999999.99900 -9999999999.99900   -1.0000    2.0347    2.9707 fk_res_fsu     
       71         0         0 FSU           -1  1343165100.00830  1343165160.00830 -9999999999.99900 -9999999999.99900   -1.0000   -1.00   -1.0000    1.2100 -9999999999.99900 -9999999999.99900   -1.0000    1.7695    2.1411 fk_res_fsu     
       72         0         0 FSU           -1  1343165280.00830  1343165370.00830 -9999999999.99900 -9999999999.99900   -1.0000   -1.00   -1.0000    1.1100 -9999999999.99900 -9999999999.99900   -1.0000    2.3645    2.6246 fk_res_fsu     
       73         0         0 FSU           -1  1343165640.00830  1343165670.00830 -9999999999.99900 -9999999999.99900   -1.0000   -1.00   -1.0000    1.4100 -9999999999.99900 -9999999999.99900   -1.0000   10.1778   14.3507 fk_res_fsu     
       74         0         0 FSU           -1  1343166630.00830  1343166660.00830 -9999999999.99900 -9999999999.99900   -1.0000   -1.00   -1.0000    1.1100 -9999999999.99900 -9999999999.99900   -1.0000    1.6618    1.8446 fk_res_fsu     
       75         0         0 FSU           -1  1343172690.00830  1343172720.00830 -9999999999.99900 -9999999999.99900   -1.0000   -1.00   -1.0000    1.0600 -9999999999.99900 -9999999999.99900   -1.0000    1.3614    1.4431 fk_res_fsu     
       76         0         0 FSU           -1  1343173560.00830  1343173590.00830 -9999999999.99900 -9999999999.99900   -1.0000   -1.00   -1.0000    1.1600 -9999999999.99900 -9999999999.99900   -1.0000   14.0841   16.3376 fk_res_fsu     
       77         0         0 FSU           -1  1343173620.00830  1343173680.00830 -9999999999.99900 -9999999999.99900   -1.0000   -1.00   -1.0000    1.1600 -9999999999.99900 -9999999999.99900   -1.0000    6.5894    7.6437 fk_res_fsu     
       78         0         0 FSU           -1  1343174160.00830  1343174220.00830 -9999999999.99900 -9999999999.99900   -1.0000   -1.00   -1.0000    1.0600 -9999999999.99900 -9999999999.99900   -1.0000    1.3369    1.4171 fk_res_fsu     
       80         0         0 FSU           -1  1343174400.00000  1343260800.00000 -9999999999.99900 -9999999999.99900   -1.0000   -1.00   -1.0000   -1.0000 -9999999999.99900 -9999999999.99900   -1.0000   -1.0000   -1.0000 fk_res_fsu     