#Lat	 Lon	Time	Back Az	F-stat	Array Dim
39.719600677490234	-113.38999938964844	2012-07-24T00:04:00.008300Z	49.4	2.339	4.000
39.719600677490234	-113.38999938964844	2012-07-24T00:07:30.008300Z	94.2	1.926	4.000
39.719600677490234	-113.38999938964844	2012-07-24T00:10:00.008300Z	49.4	2.494	4.000
39.719600677490234	-113.38999938964844	2012-07-24T00:13:30.008300Z	74.1	1.613	4.000
39.719600677490234	-113.38999938964844	2012-07-24T00:21:30.008300Z	103.5	1.628	4.000
39.719600677490234	-113.38999938964844	2012-07-24T00:26:30.008300Z	77.9	1.945	4.000
39.719600677490234	-113.38999938964844	2012-07-24T00:45:00.008300Z	94.2	2.906	4.000
39.719600677490234	-113.38999938964844	2012-07-24T00:56:00.008300Z	74.9	2.351	4.000
39.719600677490234	-113.38999938964844	2012-07-24T01:01:00.008300Z	101.3	6.641	4.000
39.719600677490234	-113.38999938964844	2012-07-24T01:06:00.008300Z	90.0	2.078	4.000
39.719600677490234	-113.38999938964844	2012-07-24T01:15:00.008300Z	83.7	2.302	4.000
39.719600677490234	-113.38999938964844	2012-07-24T01:18:30.008300Z	81.6	2.096	4.000
39.719600677490234	-113.38999938964844	2012-07-24T01:42:00.008300Z	229.4	2.384	4.000
39.719600677490234	-113.38999938964844	2012-07-24T02:03:30.008300Z	87.9	1.953	4.000
39.719600677490234	-113.38999938964844	2012-07-24T02:16:30.008300Z	90.0	1.935	4.000
39.719600677490234	-113.38999938964844	2012-07-24T02:36:30.008300Z	195.1	1.641	4.000
39.719600677490234	-113.38999938964844	2012-07-24T02:42:00.008300Z	83.7	1.901	4.000
39.719600677490234	-113.38999938964844	2012-07-24T03:02:30.008300Z	69.7	1.626	4.000
39.719600677490234	-113.38999938964844	2012-07-24T03:07:00.008300Z	124.3	1.820	4.000
39.719600677490234	-113.38999938964844	2012-07-24T03:14:00.008300Z	65.4	1.638	4.000
39.719600677490234	-113.38999938964844	2012-07-24T03:17:30.008300Z	81.6	1.876	4.000
39.719600677490234	-113.38999938964844	2012-07-24T03:29:30.008300Z	81.6	1.753	4.000
39.719600677490234	-113.38999938964844	2012-07-24T04:12:30.008300Z	175.8	2.049	4.000
39.719600677490234	-113.38999938964844	2012-07-24T04:14:00.008300Z	173.7	2.654	4.000
39.719600677490234	-113.38999938964844	2012-07-24T04:16:00.008300Z	171.6	3.786	4.000
39.719600677490234	-113.38999938964844	2012-07-24T07:57:00.008300Z	324.5	1.631	4.000
39.719600677490234	-113.38999938964844	2012-07-24T08:45:30.008300Z	113.5	1.710	4.000
39.719600677490234	-113.38999938964844	2012-07-24T08:50:30.008300Z	110.6	1.548	4.000
39.719600677490234	-113.38999938964844	2012-07-24T08:53:00.008300Z	111.4	2.027	4.000
39.719600677490234	-113.38999938964844	2012-07-24T08:55:30.008300Z	113.5	1.697	4.000
39.719600677490234	-113.38999938964844	2012-07-24T08:58:30.008300Z	101.3	1.948	4.000
39.719600677490234	-113.38999938964844	2012-07-24T09:03:00.008300Z	101.3	1.885	4.000
39.719600677490234	-113.38999938964844	2012-07-24T09:07:30.008300Z	105.6	1.913	4.000
39.719600677490234	-113.38999938964844	2012-07-24T09:10:30.008300Z	109.8	1.738	4.000
39.719600677490234	-113.38999938964844	2012-07-24T09:16:00.008300Z	103.5	1.564	4.000
39.719600677490234	-113.38999938964844	2012-07-24T09:26:00.008300Z	104.0	1.845	4.000
39.719600677490234	-113.38999938964844	2012-07-24T10:46:00.008300Z	70.9	1.698	4.000
39.719600677490234	-113.38999938964844	2012-07-24T13:42:00.008300Z	114.6	2.092	4.000
39.719600677490234	-113.38999938964844	2012-07-24T15:26:30.008300Z	358.0	1.639	4.000
39.719600677490234	-113.38999938964844	2012-07-24T15:38:30.008300Z	51.3	1.638	4.000
39.719600677490234	-113.38999938964844	2012-07-24T15:58:00.008300Z	57.5	1.367	4.000
39.719600677490234	-113.38999938964844	2012-07-24T16:07:30.008300Z	43.6	1.568	4.000
39.719600677490234	-113.38999938964844	2012-07-24T16:23:00.008300Z	103.0	2.987	4.000
39.719600677490234	-113.38999938964844	2012-07-24T16:43:00.008300Z	103.5	1.475	4.000
39.719600677490234	-113.38999938964844	2012-07-24T17:03:30.008300Z	43.6	1.493	4.000
39.719600677490234	-113.38999938964844	2012-07-24T17:19:00.008300Z	45.0	1.449	4.000
39.719600677490234	-113.38999938964844	2012-07-24T17:26:00.008300Z	46.5	1.906	4.000
39.719600677490234	-113.38999938964844	2012-07-24T17:58:00.008300Z	139.6	1.809	4.000
39.719600677490234	-113.38999938964844	2012-07-24T18:21:30.008300Z	55.7	1.645	4.000
39.719600677490234	-113.38999938964844	2012-07-24T18:31:00.008300Z	15.9	2.458	4.000
39.719600677490234	-113.38999938964844	2012-07-24T18:35:30.008300Z	54.5	1.776	4.000
39.719600677490234	-113.38999938964844	2012-07-24T18:37:00.008300Z	52.3	2.446	4.000
39.719600677490234	-113.38999938964844	2012-07-24T18:41:30.008300Z	16.5	5.549	4.000
39.719600677490234	-113.38999938964844	2012-07-24T18:44:30.008300Z	13.6	16.949	4.000
39.719600677490234	-113.38999938964844	2012-07-24T18:49:00.008300Z	72.9	2.055	4.000
39.719600677490234	-113.38999938964844	2012-07-24T19:03:30.008300Z	73.5	1.625	4.000
39.719600677490234	-113.38999938964844	2012-07-24T19:05:30.008300Z	79.5	1.630	4.000
39.719600677490234	-113.38999938964844	2012-07-24T19:09:00.008300Z	141.3	1.675	4.000
39.719600677490234	-113.38999938964844	2012-07-24T19:10:30.008300Z	142.7	1.834	4.000
39.719600677490234	-113.38999938964844	2012-07-24T19:30:00.008300Z	133.2	1.499	4.000
39.719600677490234	-113.38999938964844	2012-07-24T19:54:00.008300Z	124.4	1.574	4.000
39.719600677490234	-113.38999938964844	2012-07-24T20:02:00.008300Z	130.1	1.868	4.000
39.719600677490234	-113.38999938964844	2012-07-24T20:06:00.008300Z	133.3	1.556	4.000
39.719600677490234	-113.38999938964844	2012-07-24T20:08:30.008300Z	138.2	2.907	4.000
39.719600677490234	-113.38999938964844	2012-07-24T20:11:00.008300Z	139.9	1.781	4.000
39.719600677490234	-113.38999938964844	2012-07-24T20:25:30.008300Z	141.3	2.598	4.000
39.719600677490234	-113.38999938964844	2012-07-24T20:53:30.008300Z	121.8	2.545	4.000
39.719600677490234	-113.38999938964844	2012-07-24T21:03:30.008300Z	116.6	1.496	4.000
39.719600677490234	-113.38999938964844	2012-07-24T21:13:30.008300Z	144.5	2.582	4.000
39.719600677490234	-113.38999938964844	2012-07-24T21:16:30.008300Z	151.4	3.417	4.000
39.719600677490234	-113.38999938964844	2012-07-24T21:25:00.008300Z	152.4	2.141	4.000
39.719600677490234	-113.38999938964844	2012-07-24T21:28:00.008300Z	18.4	2.625	4.000
39.719600677490234	-113.38999938964844	2012-07-24T21:34:00.008300Z	0.0	14.351	4.000
39.719600677490234	-113.38999938964844	2012-07-24T21:50:30.008300Z	3.9	1.845	4.000
39.719600677490234	-113.38999938964844	2012-07-24T23:31:30.008300Z	84.1	1.443	4.000
39.719600677490234	-113.38999938964844	2012-07-24T23:46:00.008300Z	240.5	16.696	4.000
39.719600677490234	-113.38999938964844	2012-07-24T23:47:00.008300Z	231.3	7.644	4.000
39.719600677490234	-113.38999938964844	2012-07-24T23:56:00.008300Z	154.3	1.417	4.000
39.719600677490234	-113.38999938964844	2012-07-24T00:00:00.000000Z	13.6	16.949	4.000
39.719600677490234	-113.38999938964844	2012-07-24T00:00:00.000000Z	13.6	16.949	4.000
