 1.16168600504406e-002   -2.28286663871158e+000
 1.22675375627766e-002   -2.31020826538694e+000
 1.27793532665000e-002   -2.33760424917299e+000
 1.33125225070058e-002   -2.36500023295905e+000
 1.38679361782816e-002   -2.39239621674510e+000
 1.46446997937972e-002   -2.41973784342046e+000
 1.54649710882228e-002   -2.47463852521393e+000
 1.65552182784192e-002   -2.52948484989672e+000
 1.82118904648344e-002   -2.61178151547625e+000
 1.94957895613269e-002   -2.66662784015903e+000
 2.05877775682160e-002   -2.72152852195251e+000
 2.17409294383812e-002   -2.77642920374598e+000
 2.26479858906775e-002   -2.83138424265014e+000
 2.39165330759566e-002   -2.88628492444362e+000
 2.52561334652180e-002   -2.96874466135520e+000
 2.66707668535018e-002   -3.05120439826679e+000
 2.85509985368677e-002   -3.13360977806768e+000
 3.01501821907995e-002   -3.21606951497927e+000
 3.22757051697892e-002   -3.29847489478016e+000
 3.59925832428110e-002   -3.43583531348522e+000
 3.90585373839891e-002   -3.51818633617543e+000
 4.18120802385570e-002   -3.57303266085822e+000
 4.41540366912549e-002   -3.62793334265170e+000
 4.66271695885363e-002   -3.68283402444517e+000
 4.92388263170674e-002   -3.76529376135675e+000
 5.19967658015083e-002   -3.82019444315023e+000
 5.49091815553642e-002   -3.84753606982559e+000
 5.72000554373325e-002   -3.90249110872975e+000
 6.04039151391659e-002   -3.95739179052323e+000
 6.37872277612902e-002   -4.01229247231670e+000
 7.01703828670383e-002   -4.09458913789622e+000
 7.41007297908490e-002   -4.14948981968970e+000
 7.93246718199098e-002   -4.20433614437249e+000
 8.84597203583087e-002   -4.31413750795943e+000
 9.59949796124268e-002   -4.39648853064964e+000
 1.02762419150359e-001   -4.47889391045054e+000
 1.08518294228827e-001   -4.50623553712591e+000
 1.13045801631462e-001   -4.47851341067574e+000
 1.19377664171444e-001   -4.42317787199677e+000
 1.31323725684257e-001   -4.31256115174952e+000
 1.34951437431524e-001   -4.28489338241004e+000
 1.40581765813567e-001   -4.25717125595987e+000
 1.52556934257647e-001   -4.22928605817764e+000
 1.67823228279206e-001   -4.20134650328472e+000
 1.89717113732027e-001   -4.17329823417043e+000
 2.00343449856826e-001   -4.17308080572769e+000
 2.08702007819262e-001   -4.20047678951374e+000
 2.17409294383812e-001   -4.28299088353601e+000
 2.26479858906775e-001   -4.33794592244017e+000
 2.35928857760242e-001   -4.42046001646244e+000
 2.49143582013538e-001   -4.53047880849213e+000
 2.63098482516355e-001   -4.66805665563994e+000
 2.77835017635122e-001   -4.77807544766963e+000
 2.93396967880687e-001   -4.88809423969933e+000
 3.05637825087580e-001   -4.97060833372160e+000
 3.18389384863221e-001   -5.08068148286198e+000
 3.31672954303127e-001   -5.13563652176614e+000
 3.45510729459222e-001   -5.21815061578841e+000
 3.64863296413956e-001   -5.30061035270000e+000
 3.80085810619541e-001   -5.35556539160416e+000
 3.95943425535493e-001   -5.41052043050832e+000
 4.23856585198336e-001   -5.49292581030921e+000
 4.41540366912549e-001   -5.52032179409527e+000
 4.66271695885363e-001   -5.52010436565252e+000
 4.92388263170674e-001   -5.54744599232788e+000
 5.19967658015083e-001   -5.57478761900325e+000
 5.41661303658187e-001   -5.60218360278930e+000
 5.56624259240523e-001   -5.62963394368603e+000
 5.72000554373325e-001   -5.65708428458277e+000
 5.95865071988909e-001   -5.68448026836882e+000
 6.20725244585366e-001   -5.71187625215487e+000
 6.46622612027735e-001   -5.73927223594092e+000
 6.64485038892938e-001   -5.76672257683766e+000
 6.92208115024089e-001   -5.76655950550560e+000
 7.21087829612373e-001   -5.82151454440976e+000
 7.41007297908490e-001   -5.90408299554272e+000
 7.61477025411469e-001   -5.95909239155756e+000
 7.93246718199098e-001   -6.04160648557983e+000
 8.26341878920937e-001   -6.12412057960211e+000
 8.60817807615810e-001   -6.20663467362438e+000
 8.96732111503438e-001   -6.28914876764665e+000
 9.34144801242662e-001   -6.37166286166892e+000
 9.73118391205673e-001   -6.45417695569119e+000
 1.01371800393580e+000   -6.53669104971346e+000
 1.05601147896340e+000   -6.61920514373573e+000
 1.08518294228827e+000   -6.67421453975058e+000
 1.13045801631462e+000   -6.75672863377285e+000
 1.17762201823342e+000   -6.81168367267701e+000
 1.22675375627766e+000   -6.89419776669928e+000
 1.27793532665000e+000   -6.97671186072155e+000
 1.33125225070058e+000   -7.05922595474382e+000
 1.40581765813567e+000   -7.16924474677352e+000
 1.48455958432071e+000   -7.27926353880321e+000
 1.56771196224781e+000   -7.38928233083291e+000
 1.63311869910003e+000   -7.44423736973707e+000
 1.67823228279206e+000   -7.49924676575191e+000
 1.74825005387553e+000   -7.55420180465607e+000
 1.79654404815994e+000   -7.60921120067092e+000
 1.87149792146773e+000   -7.69172529469319e+000
 1.94957895613269e+000   -7.74668033359735e+000
 2.03091762090474e+000   -7.80163537250151e+000
 2.11564982783936e+000   -7.85659041140567e+000
 2.20391715939849e+000   -7.96666356054606e+000
 2.29586710502638e+000   -8.04917765456833e+000
 2.39165330759566e+000   -8.10413269347249e+000
 2.49143582013538e+000   -8.18664678749476e+000
 2.63098482516355e+000   -8.26910652440634e+000
 2.70366365381690e+000   -8.32411592042119e+000
 2.81646359500544e+000   -8.37907095932535e+000
 2.93396967880687e+000   -8.43402599822951e+000
 3.05637825087580e+000   -8.51654009225178e+000
 3.18389384863221e+000   -8.57149513115594e+000
 3.31672954303127e+000   -8.62645017006010e+000
 3.45510729459222e+000   -8.68140520896426e+000
 3.64863296413956e+000   -8.76386494587585e+000
 3.80085810619541e+000   -8.81881998478001e+000
 3.95943425535493e+000   -8.84621596856606e+000
 4.12462638290135e+000   -8.87361195235211e+000
 4.29671051502303e+000   -8.92856699125627e+000
 4.47597419403671e+000   -9.03864014039665e+000
 4.72668012844671e+000   -9.09354082219012e+000
 4.99142847302792e+000   -9.14844150398360e+000
 5.27100576394223e+000   -9.20334218577707e+000
 5.64260033019548e+000   -9.23062945534175e+000
 6.12325362847828e+000   -9.28542142291385e+000
 6.55492983564510e+000   -9.31270869247853e+000
 6.92208115024088e+000   -9.36760937427200e+000
 7.21087829612373e+000   -9.39500535805805e+000
 7.51172438937657e+000   -9.42240134184410e+000
 7.71922970243086e+000   -9.50496979297706e+000
 7.93246718199098e+000   -9.61509729922813e+000
 8.26341878920937e+000   -9.72517044836851e+000
 8.60817807615810e+000   -9.83524359750889e+000
 8.96732111503439e+000   -9.91775769153116e+000
 9.34144801242662e+000   -9.94515367531721e+000
