 1.14596564383169e-002    3.55992141453831e+000
 1.19377664171444e-002    3.55992141453831e+000
 1.26064183696882e-002    3.55992141453831e+000
 1.36802701781351e-002    3.53241650294695e+000
 1.50492477854136e-002    3.53241650294695e+000
 1.63311869910003e-002    3.53241650294695e+000
 1.72459209275941e-002    3.53241650294695e+000
 1.94957895613269e-002    3.47740667976424e+000
 2.14467232050444e-002    3.47740667976424e+000
 2.26479858906775e-002    3.44990176817289e+000
 2.45772079657487e-002    3.36738703339882e+000
 2.70366365381690e-002    3.28487229862475e+000
 3.01501821907995e-002    3.20235756385069e+000
 3.27184634203391e-002    3.17485265225933e+000
 3.55055184016347e-002    3.11984282907662e+000
 3.95943425535493e-002    3.03732809430255e+000
 4.29671051502302e-002    2.98231827111984e+000
 4.66271695885363e-002    2.89980353634578e+000
 5.05990090846619e-002    2.81728880157171e+000
 5.49091815553642e-002    2.65225933202358e+000
 6.20725244585366e-002    2.45972495088409e+000
 6.73600447271753e-002    2.34970530451866e+000
 7.30979715297054e-002    2.26719056974460e+000
 8.15159517452221e-002    2.15717092337918e+000
 8.96732111503438e-002    2.15717092337918e+000
 9.73118391205673e-002    2.07465618860511e+000
 1.02762419150359e-001    2.01964636542240e+000
 1.07049784858807e-001    1.99214145383104e+000
 1.14596564383169e-001    1.93713163064833e+000
 1.31323725684257e-001    1.82711198428291e+000
 1.38679361782816e-001    1.79960707269155e+000
 1.46446997937972e-001    1.77210216110020e+000
 1.54649710882228e-001    1.71709233791749e+000
 1.67823228279206e-001    1.63457760314342e+000
 1.87149792146773e-001    1.49705304518664e+000
 2.03091762090474e-001    1.44204322200393e+000
 2.26479858906775e-001    1.35952848722986e+000
 2.49143582013538e-001    1.33202357563851e+000
 2.74075252246104e-001    1.24950884086444e+000
 3.01501821907995e-001    1.19449901768173e+000
 3.22757051697892e-001    1.11198428290766e+000
 3.55055184016347e-001    9.74459724950883e-001
 3.80085810619541e-001    8.64440078585462e-001
 4.12462638290135e-001    7.26915520628683e-001
 4.59961936233789e-001    5.61886051080551e-001
 4.92388263170674e-001    4.51866404715128e-001
 5.19967658015083e-001    3.41846758349705e-001
 5.72000554373325e-001    1.76817288801573e-001
 6.12325362847828e-001    6.67976424361498e-002
 6.82840900858584e-001   -9.82318271119844e-002
 7.21087829612373e-001   -1.25736738703338e-001
 7.82512212587017e-001   -2.63261296660117e-001
 8.49168905231682e-001   -4.00785854616897e-001
 9.21503611079024e-001   -5.93320235756385e-001
 9.86467633126233e-001   -7.58349705304518e-001
 1.04172114420716e+000   -8.68369351669941e-001
 1.16168600504406e+000   -9.78388998035364e-001
 1.34951437431524e+000   -1.11591355599214e+000
 1.48455958432071e+000   -1.19842829076621e+000
 1.58921784111612e+000   -1.19842829076621e+000
 1.79654404815994e+000   -1.28094302554027e+000
 2.08702007819261e+000   -1.36345776031434e+000
 2.35928857760242e+000   -1.47347740667976e+000
 2.70366365381690e+000   -1.63850687622790e+000
 2.93396967880687e+000   -1.69351669941061e+000
 3.18389384863221e+000   -1.74852652259332e+000
 3.55055184016347e+000   -1.80353634577603e+000
 4.01374979005344e+000   -1.83104125736739e+000
 4.35565280677911e+000   -1.88605108055010e+000
 4.72668012844671e+000   -1.94106090373281e+000
 5.05990090846619e+000   -1.96856581532417e+000
 5.72000554373325e+000   -2.02357563850688e+000
 5.95865071988908e+000   -2.05108055009823e+000
 6.29240355933639e+000   -2.07858546168959e+000
 6.92208115024088e+000   -2.18860510805501e+000
 7.82512212587017e+000   -2.29862475442043e+000
 8.15159517452221e+000   -2.38113948919450e+000
 8.72626509688692e+000   -2.49115913555992e+000
